"precision": [0.8061503767967224]
"recall": [0.8142735958099365]
"f1": [0.8101915717124939]
"hashcode": "distilbert-base-uncased_L5_no-idf_version=0.3.12(hug_trans=4.34.1)"
