"precision": [0.8211680054664612]
"recall": [0.8263339996337891]
"f1": [0.8237429857254028]
"hashcode": "distilbert-base-uncased_L5_no-idf_version=0.3.12(hug_trans=4.34.1)"
