"precision": [0.8029429912567139]
"recall": [0.8160794973373413]
"f1": [0.8094579577445984]
"hashcode": "distilbert-base-uncased_L5_no-idf_version=0.3.12(hug_trans=4.34.1)"
