"precision": [0.777005672454834]
"recall": [0.7837661504745483]
"f1": [0.7803712487220764]
"hashcode": "distilbert-base-uncased_L5_no-idf_version=0.3.12(hug_trans=4.34.1)"
