"precision": [0.7901008129119873]
"recall": [0.7926867008209229]
"f1": [0.7913916707038879]
"hashcode": "distilbert-base-uncased_L5_no-idf_version=0.3.12(hug_trans=4.34.1)"
