"precision": [0.8089377880096436]
"recall": [0.813864529132843]
"f1": [0.8113937377929688]
"hashcode": "distilbert-base-uncased_L5_no-idf_version=0.3.12(hug_trans=4.34.1)"
