"precision": [0.8097975254058838]
"recall": [0.8159878253936768]
"f1": [0.8128808736801147]
"hashcode": "distilbert-base-uncased_L5_no-idf_version=0.3.12(hug_trans=4.34.1)"
