"precision": [0.7747545838356018]
"recall": [0.7857350707054138]
"f1": [0.7802062034606934]
"hashcode": "distilbert-base-uncased_L5_no-idf_version=0.3.12(hug_trans=4.34.1)"
