"precision": [0.7895264029502869]
"recall": [0.7822589874267578]
"f1": [0.7858759164810181]
"hashcode": "distilbert-base-uncased_L5_no-idf_version=0.3.12(hug_trans=4.34.1)"
