"precision": [0.8331571817398071]
"recall": [0.839546799659729]
"f1": [0.8363397717475891]
"hashcode": "distilbert-base-uncased_L5_no-idf_version=0.3.12(hug_trans=4.34.1)"
