"precision": [0.7949244379997253]
"recall": [0.8038463592529297]
"f1": [0.7993605136871338]
"hashcode": "distilbert-base-uncased_L5_no-idf_version=0.3.12(hug_trans=4.34.1)"
