"precision": [0.8340938687324524]
"recall": [0.8348883390426636]
"f1": [0.8344908952713013]
"hashcode": "distilbert-base-uncased_L5_no-idf_version=0.3.12(hug_trans=4.34.1)"
