"precision": [0.790769636631012]
"recall": [0.7938461899757385]
"f1": [0.7923048734664917]
"hashcode": "distilbert-base-uncased_L5_no-idf_version=0.3.12(hug_trans=4.34.1)"
