"precision": [0.8276321291923523]
"recall": [0.8219504356384277]
"f1": [0.8247814774513245]
"hashcode": "distilbert-base-uncased_L5_no-idf_version=0.3.12(hug_trans=4.34.1)"
